-31.140106818529
-29.307741130369
-27.702282955172
-24.823603667431
-19.734471382648
-17.468192604636
-16.524288084323
-15.436249764616
-13.459321158283
-9.690314296181
-7.307730549914
-8.545384193233
-11.804049880313
-16.310102779910
-20.104006874542
-21.868478624425
-17.557436342863
-10.063806086243
-5.038226597238
-1.185631607446
-0.587361308779
-0.961864470934
-1.789073380698
-6.129384837605
-8.641557776034
-6.205573570806
-6.692657213358
-12.213464085439
-15.764797460062
-20.123516002134
-27.929091718619
-36.505209574756
-41.478517637308
-43.718818126428
-45.025099911649
-44.323620651527
-41.311648607131
-33.783861483749
-25.403725927537
-15.696230341103
-4.702594566959
5.355401722362
15.613833823884
23.062460090029
28.096303307686
30.940777856961
30.644399684298
26.519428522975
23.085737909361
20.213538043938
19.272518585244
24.617422754158
32.579435447261
35.725371077029
29.088735703706
18.344268950794
11.493204512504
8.252775851866
6.840521104964
9.632266473454
16.607591569580
20.997855793232
16.795443551340
9.602882275213
3.110269688376
-0.340963517374
4.841492623433
14.760031447745
21.630444392455
21.351651923807
19.234474249513
21.003662095448
25.441189705328
31.832842966007
36.523339386723
33.053330197342
24.123280547134
13.369527805867
4.503585690492
0.907139057466
2.540654127280
8.745471700621
10.656130158154
5.623289380366
-0.094589863484
-3.273801325080
0.793055052185
7.296196855427
17.824677755474
33.200767249055
34.907894737314
22.957640141157
9.278611769433
4.182238673060
6.752511645711
5.972221857576
8.281264944609
13.155805076988
10.025888754374
1.687967347298
-4.223957792484
-2.493489446595
2.279432153643
8.922329645685
20.961865550818
26.244550696437
21.649465055864
13.981905522757
3.612665791221
-3.499616385242
-2.869102882887
4.952067314497
13.048812285193
13.074760665869
11.095524145646
7.313011618855
3.309045210393
3.551172851359
6.923389720151
15.419901078019
21.622026278577
20.824441042981
17.426907956055
15.051889453992
15.636247877738
16.078979934864
19.151137894970
25.894087875206
32.114887781770
33.529162537978
28.892622920833
21.461004390326
14.642536984379
7.438455023146
2.605609508836
3.410878515912
7.083397931407
7.468005585724
3.230316968095
2.328353415645
6.799487081663
14.800850750319
23.756457363007
30.548887444408
30.205670487929
28.066857560793
25.742237773949
19.058549260832
8.865875041217
-1.883476836099
-6.534460711100
-7.099114527734
-7.563694896604
-10.382117320263
-17.602463642803
-25.352144820169
-29.968557737270
-31.639773503831
-28.336921109635
-20.330662868728
-10.179147662715
-3.310747982867
-1.292238354418
-4.196465879747
-11.592746034306
-20.183733148692
-28.200050410521
-29.866715509571
-23.804995807513
-17.444774168194
-12.475665287605
-6.965693391124
-0.461889722216
4.067858831687
3.903132962499
2.763821415865
-0.273903347736
-5.301916633918
-10.180384149938
-11.741873093507
-9.950949339124
-8.934492775701
-8.885409860088
-11.492281572357
-13.310589417356
-14.714772063537
-15.280463772897
-16.001352212712
-16.110723415967
-8.854797639050
-4.355340228339
-4.227481559151
-0.222962228061
1.970985641614
0.540261882705
0.265908995723
1.948284834074
1.281406353672
-2.890944518253
-3.956615370837
0.205493791105
8.212951739775
12.522073826799
12.501785233796
14.970568883440
12.206322108035
9.041902232023
8.320501241198
6.367354532237
6.586350682193
4.947366614834
-0.324663767111
-6.941679178216
-11.179382121139
-9.981813044065
-8.768751635892
-9.408826859020
-9.279967876327
-8.557363034911
-10.388786673619
-13.812744336133
-12.362237077354
-10.579723017667
-9.799679389631
-10.217619575777
-12.789466057414
-12.876966271070
-11.625508811031
-11.009083883019
-8.867974917789
-4.874928792984
-3.163482919520
-4.064510174786
-6.915018112907
-12.535145856007
-18.044038868081
-20.833330055072
-19.094067191593
-16.126016969085
-13.243832184486
-11.228586021106
-14.207585515638
-16.296867139129
-12.693058250358
-7.089432732231
-1.749072916845
-1.066061463990
-3.707409785366
-6.083672136028
-8.576375994921
-7.460806678430
-6.132165169048
-4.886594233454
0.042284746579
8.458589812942
12.549320251474
6.467655571015
-4.867601846212
-14.386347104183
-19.854276615730
-23.420105644903
-25.485020939929
-23.755448224980
-19.213189224837
-16.953661993874
-17.170112725426
-18.709391222819
-19.920571893714
-17.948994762656
-11.546031006454
-3.688548406790
2.587719707677
6.433263867904
6.886754539912
6.724272713696
4.199739966218
-0.327242076791
-2.517482332667
-5.797193236276
-5.786881383597
2.292870121993
7.464230447538
6.407149252086
2.209521117210
2.010720985908
3.328188861442
0.747697891466
-3.415374972413
-4.679255608677
4.228165589975
11.213773114423
11.863823512569
15.744309634800
18.577219595336
17.022149916257
12.306310189732
9.548971430891
8.195688720500
5.573387861634
3.838952232344
1.831052330206
-0.583726978651
-1.292351424753
-3.353060814326
-2.505360322641
0.285329178398
3.033809498828
8.908017819510
13.694698027018
17.085444129552
20.885498173143
23.153581308250
21.056752318106
15.154526784545
10.157158397921
6.532381355994
4.927690861469
6.604991318622
7.810158390709
5.253315090514
-2.610931125264
-13.115758466688
-21.972527083647
-27.678155572977
-31.271937715348
-35.479901988379
-35.886062595437
-33.816917642419
-31.304416772174
-27.601671332084
-27.117014105994
-27.539507224056
-25.080226272815
-22.291402458058
-17.373771324287
-11.379833108335
-9.078938162004
-13.610178351369
-21.534406832153
-25.221705323977
-25.925383250979
-24.353396825930
-20.951021144466
-18.151830613783
-14.806642704609
-13.771465376433
-17.562832506590
-20.761683718172
-18.273766425900
-12.229202180518
-8.687446763945
-8.588254958785
-9.968822067385
-14.092003831524
-20.715515324313
-28.007364425746
-32.452163886223
-31.684640541363
-27.165663468021
-19.786910599435
-10.347907786964
1.227933753611
11.460635725431
15.458932927223
18.544216516614
26.687545846506
36.311895306584
40.966412464607
43.097481870365
48.004035172682
51.230881339929
48.897560460568
47.345621322548
47.516322813136
50.030417554063
51.688989893364
51.895025965735
51.047777370793
45.936212707247
39.692759424760
35.770462509110
34.111215254985
32.662645316305
29.824654745557
26.395094646743
22.520401092533
16.782345902559
11.641846563997
9.103724936624
10.388717286045
12.169137420689
13.086437232818
16.401199906091
17.146887956533
14.487837565776
14.904319690298
20.670023760731
25.104337229069
27.827127450083
32.566566189372
34.637270206290
29.854663533076
20.253870120313
13.761055226447
16.291026527627
19.574280226094
20.652231339676
24.628967501890
25.174936960689
18.093875873220
10.607493000624
7.737964271693
5.850638874082
-0.313657711797
-7.462916609292
-10.853282374931
-13.654275808219
-18.661248110758
-24.196153952064
-26.831382336009
-27.638072569773
-28.382462985477
-24.930505468423
-19.198484450488
-14.547370347508
-12.552015498853
-12.966047665019
-13.460823782639
-13.668069419543
-14.278785360499
-16.968639224917
-18.727508476154
-16.286464860766
-12.137813384648
-8.994088851808
-5.861304593577
-4.961658574620
-7.174582165242
-11.288207471896
-12.402098849141
-7.583742732696
0.184196692982
6.884912421137
10.499633307270
10.731071826377
7.017718580962
-0.267335098172
-9.207977856936
-14.554583265369
-15.961708212712
-12.042302297738
-4.279225327634
4.616424553672
11.161687918112
11.898782921539
10.754345104190
8.376532429853
5.503326507021
6.161674987798
9.781467443758
13.350635478044
13.401044149481
11.182015589198
8.826404724527
10.789753459380
11.972338686802
8.682258131331
7.492936924643
6.284881149742
6.472066060459
8.036183138380
9.924708742914
14.976107598937
18.141699844216
15.080536501248
6.110205416452
-2.808034296912
-7.294937462239
-7.132611225539
-1.908138954385
6.702669394209
16.797926244814
19.821451029304
9.994553762783
4.137606856230
5.758362817348
9.339275495772
8.829400539709
4.608437018354
7.863592621677
7.931989530312
2.682375290776
1.442220013788
1.262426106963
2.106538279924
-1.967774295785
-9.326304850882
-16.169039939590
-24.405888021763
-24.722042539869
-20.471486489527
-14.658243737348
-8.602645031407
-6.359516278830
-3.943586733231
-5.512043682784
-8.942406691366
-9.747791230548
-9.420399660295
-8.281375698802
-8.672920135613
-12.806263218633
-20.968233623536
-30.481863797263
-36.575992247144
-39.697987348199
-37.580542106794
-33.710365287447
-34.204534562751
-39.149502604998
-41.066772080000
-35.054068787258
-27.142084175862
-19.871928131663
-12.491483501457
-11.516537729154
-18.636316243738
-27.230736016745
-31.209443769069
-28.423401873302
-20.600361572398
-10.670488081549
-4.015585769365
-5.712185639138
-14.736982049404
-23.665273340618
-26.729239698611
-24.945312820033
-20.595058749951
-14.267702194011
-8.385943188430
-4.776521707317
2.203540466139
10.464418296617
15.282415862590
17.656747428436
17.784625330719
16.424478254609
15.719422782058
16.904519504941
16.824452204408
14.756323316850
11.945854761442
7.675270996151
4.661583386066
3.445179580242
1.516883723548
0.046734361577
1.122708854364
3.682492121153
1.577077681671
-3.634908010113
-5.103253571860
-6.393998222910
-8.270707942433
-7.120200326854
-4.999191222904
-5.390301542260
-5.973270256502
-3.028179703287
2.397934908809
6.575257804473
8.389397142082
7.429382877552
3.654475822972
-3.453562962910
-8.430727534000
-9.114235803380
-8.898855601918
-5.976488875541
-1.925259053963
5.186627283451
10.154049117094
7.836496802187
7.777247736772
10.733982218460
13.454805379087
17.921074539626
21.154232711911
27.223245115325
34.195547069595
35.909957082395
36.282493144052
33.061042661427
26.818472861394
19.185544802114
15.614789795446
14.248820066985
11.424054198465
13.533006405364
17.871524708527
19.336305335001
19.733267854278
21.605847807143
28.532765843357
31.477068278194
27.484807602747
24.622614743703
26.470480512646
27.115458519113
19.839374565982
15.751258437179
16.379748053538
15.882481500336
18.604756126054
26.827394253313
34.423905248471
36.629808737949
36.526205344029
30.823608055352
18.828042438402
9.435627734774
7.663528616140
12.073654764564
17.216383248075
23.243932434485
28.082794727269
25.649454270472
16.938025682106
6.486208692967
-0.386748482178
-5.317214596046
-8.258575961835
-11.930451082234
-17.820679885547
-24.972288696650
-32.263679408082
-36.842734941932
-38.690841419332
-36.271003291676
-34.101998561375
-33.368490357923
-33.786775037754
-39.857213582311
-43.381475705128
-40.402592342495
-34.997439842424
-27.871011683696
-20.177564202984
-12.652401736997
-8.220492549242
-4.302799123162
0.617429149840
2.189085267789
0.200130408912
-4.422499792895
-8.900495881229
-10.558679041278
-7.616367212559
-2.090494062790
1.874514406999
3.204689528562
1.109395642330
-3.842139226911
-7.102946047410
-6.377187782819
-4.288707760574
-2.534456270848
-3.790873851731
-7.880165614516
-13.702864751880
-20.856961719727
-26.499566675294
-28.362313730593
-24.156921867596
-17.604186040554
-13.724574463555
-13.270779054840
-15.013149909452
-16.470628513982
-19.145685777778
-20.003622013017
-20.036712999882
-23.124927001907
-22.860935093004
-23.031506719383
-25.011255795706
-25.265395458836
-25.298851082440
-18.661575043103
-13.306550097688
-13.987903006635
-10.231315765926
-6.642797656371
-6.069989652224
-8.774245287719
-10.018020413851
-8.157934302415
-9.727958583291
-10.117520568304
-10.593112707482
-13.752943013078
-16.530781000747
-18.452271558597
-14.737156464583
-13.541592407428
-15.022029787332
-10.478329059526
-6.565063725149
-6.540420898586
-10.580718132909
-14.894536694088
-14.874097981411
-14.934141307996
-14.015990125241
-9.327721051038
-5.267955354363
-4.579856005712
-6.943550358035
-10.309265795030
-12.945927258540
-13.654388708353
-11.928110514498
-7.368947721618
0.694064034404
9.566210021009
12.284348692765
8.450906773324
4.247454572176
1.370951253398
0.177901052635
0.072744986480
1.977496947734
6.817169736630
13.800754705364
18.067997828342
18.149716942978
20.188386989707
22.520475564516
22.930613213001
25.239683985651
29.006809461904
32.369612930632
32.692660398860
31.058628549496
26.081713658830
16.776215716295
9.797786962635
5.990942246427
4.093845984468
3.407258749536
4.766173158866
4.719429282346
2.009305397062
1.872896764404
4.218019823748
8.216535792275
13.246299807146
19.897838445458
28.035315658326
32.906969316258
33.293934845680
33.289479893144
34.673206617598
37.483040787605
40.922946109986
43.636538177393
44.310028152253
41.409761665982
36.087231869251
30.454548175608
26.821592772461
28.310090374098
30.370738808730
28.030425398948
22.221660436865
19.613760512851
21.151776952132
22.311867698766
21.673577510421
18.138243196893
15.923931748872
13.529770732895
5.513843383437
-1.810548346937
-7.717952280210
-13.361306088201
-15.069441474947
-12.341739814863
-4.415655756433
0.784885300698
-0.007508571505
1.339755617490
4.424802280928
5.597864023130
6.107836627051
10.280094840943
17.677953688944
22.374683500799
24.131566745779
25.360483295757
24.959649667117
23.899407548009
20.104572298611
15.784103655778
11.120347072084
3.146368987470
-1.962721536150
-4.251558531113
-6.917435838447
-9.932171268679
-11.501466034991
-11.986889553518
-13.849096662497
-14.092675176145
-13.051668268051
-7.816614510022
-4.285754445727
-7.644241697820
-11.480644771767
-16.125458445620
-19.497881079369
-18.638026279402
-15.123334539750
-9.421664864076
-3.614354896671
-0.032610246195
0.272953988929
-4.830302684941
-9.717518621554
-11.855813131282
-13.113602403075
-11.068879492819
-5.637299373040
-2.637103797668
-3.054759421355
-5.596556643602
-9.819274657115
-13.620686017820
-15.563376114415
-15.036335219611
-14.542221949924
-14.303845240707
-16.692285286864
-17.877590894966
-18.890653574786
-20.955003037873
-20.349431936341
-17.746185196585
-13.056262513460
-5.318337675838
3.967105626065
6.802748614825
0.683940019121
-2.491053322305
-1.435296674505
-2.284438023556
-5.546223144779
-9.904203872762
-11.922822738265
-13.220438694435
-14.432018729158
-13.129658139136
-9.093348164951
-4.441482900054
-0.364366219455
0.175180375071
-5.827611299471
-14.761175965684
-21.675685121614
-26.440517158685
-28.221842042932
-27.408744942624
-25.068978505237
-20.307896956336
-18.988039403358
-16.724013373740
-11.612866008917
-11.623650749677
-12.894057651785
-13.628593534693
-11.528330076442
-7.216089437814
-10.464312824311
-11.294052100253
-5.224293066618
-3.988046388238
-5.955092596469
-3.906976526140
4.760620016892
10.900844825477
10.285707414399
9.964726131483
9.395602628874
8.948885055333
8.660307110118
10.518168035012
15.718511261626
18.551770035303
18.788376539821
16.386341833248
11.729232205805
6.497774000279
-0.145903083501
-4.414985741022
-9.633510702685
-16.557833813647
-15.123767127260
-8.368992574641
-5.868625066207
-5.139692007684
-0.615748972458
4.979851863918
10.286699236256
16.518191680933
19.238013901409
15.672712129221
9.343773254612
3.136906229200
-1.915844802779
-6.374366991118
-6.634730315530
-1.148731064251
4.747621614272
8.020691877515
6.924132722879
5.207273525142
4.738594135442
2.328781562512
2.563952509783
5.720490657212
9.170952549096
12.192375780565
11.709506122491
11.394655509579
10.755404709757
9.550498357613
11.152531156875
13.723686002629
18.322658359192
23.199662385435
25.828582054580
28.196603687718
27.267083661715
25.989263034208
24.906257590596
24.297920812961
25.599778585931
23.370433260461
18.851065200958
13.920735167742
10.221599943363
6.964483752519
4.574914249041
1.480936609268
-3.141370601333
-5.801139146112
-6.576818171214
-3.932563924667
1.047778262915
5.683726622549
12.515501805571
17.356121839033
19.128556463362
19.927017404473
17.311011728752
14.788704401989
13.957099188584
11.724524774521
9.520929894809
10.000105620909
7.418179340568
0.506719687046
-5.382858555356
-8.175570732431
-9.597649418679
-10.477639518018
-10.398461413717
-6.679076354978
-0.353218192204
4.606706143918
7.856432399023
8.957566890527
6.584572859840
6.372209919288
6.348921693548
-0.098533808991
-7.612943955089
-13.782798122646
-13.466339082531
-10.725341270677
-14.176220139522
-15.430918673924
-15.031051339553
-17.163453804030
-19.393936440396
-20.051451971413
-18.372590489970
-20.059928743128
-22.987194079688
-25.273138981233
-30.924533981343
-35.777956130058
-41.986250234118
-44.544779479828
-45.329412164750
-45.717957667899
-40.627660875594
-35.953948319606
-33.725258263837
-37.259478094919
-41.417021688712
-36.626038044838
-25.510287847273
-13.723965825306
-2.493020203263
3.323084686492
1.344107487242
-4.695536302196
-12.385478791495
-20.184235445759
-22.496743161443
-16.675351204735
-6.236942528745